def get_first_and_last_chars(input_string):
    lines = input_string.splitlines()
    results = []
    for line in lines:
        if line:  # Verifica se a linha não está vazia
            results.append((line[0], line[-1]))
    return results

# Teste a função
input_string = """
99
7
614
211
5
827
21
316
49
3
98
4
5132
431
589
32
68
677
915
8182
872
4
29
53
79
1
1723
75349
99636
51
271
865
35
41
75
14
438
8
399
661
5
48
3
1
488
4
31
3
3
39
954
286
462
24
8946
64
94
775
78
6219
83
31
35
14
57
1
61
5643
6
3
8282
5
88
97
768
46
745
25
2813
34
89
1
2146
9
183
433
217
8
73
4
4173
6816
39
2
286
55
43
5
23
4
4
182
3
43
4
4
968
89
56
99866
6
691
95118
655
76
761
49
73915
99
591214
3
47
41
34
8
844
8
652
1
98
714
6388
9767
912
5
579
97396
388
4
781
95
6
1384
9
343
76
83
56
5
5
41
82
51
181
52375
39
4491
32
4
9
8711
438
6
36
413
961
44
4
4
19
55
71
747
549
99
324
741
48
2
55
657
3
2
31828
717
7
257
68
29
51
18774
52
2493
6
26538
21
374
8
2
7511
98
3824
2
67
917
3692
68
7
1
94176
56
946
9989
486
87
831
25
84
5
7557
9
647
38716
3
8
2
74
31
69
5
239
616
26
6791
8
99
369
67
992
5
41
653
2
5
442
9
6
7
19
181
91
45
8
5
16
3
3
96
965
42417
43
951
475
591
233
744
294
96
88
153
9128
5
35
188
96
753
9
6
7834
1
56
43639
88
6
64
172
964
5544
13
7
694
8
46
7
848
2
6
69
73
628
2
43
4269
3
2837
74
7
5
9
959
48
21
245
3
825
654
7
98
5
9
5434
1
351
113
682
1
38
1
96
28
7
97
11
528
5
4
628
8
619
7
443
83
44
245966
939
83
221
557
41
8
69
362
6
24
7
7
64
4
87
4
797
26
4
1
5
4
61
63
611
32
9
918
2
125
81698
91
4
9512
79
45312
454
869
815
31
9
5
5
1
99
53
7
5164
29
42
9892
72
73
76535
59
347
849
73
99
1
187
91
39
92
2
33
8429
3
4
731
2
47
81
45
17
13
6
888
3
4
94
6
7
7
5
4373
53
885
43
9
9
6
278
89
429
62977
2
51
1
26
5
18
754
56
2
967
973
15
6
818
47
84
784
913
72
366
24
488
54
2
6179
66
315
8399
1
96
71
1
64
6
45
12
446
75
8
14
42
925
26
4
87
527
797
46
9
6
4
895
5
4
65
62
2
9583
67
4
5128
87
85
515
78
483947
1
62
5
685
4
7
4
1145
45
3
2
2754
1
552
294
5572
173
54
8
82
174
23
5
22
81
3
48
2
7
49
298
599919
52
8
34
98144
79
93
95
537
26
8
13
45
72
2
68814
928
214
78
86
75
7345
55
1
7
2
211
55
2
69991
9857
19
7275
3
2
19
73927
65
3
3148
1
79376
4
37
38
8
8
3
46792
334
356
78
76
94
743
7
15
895
9
86371
6
1
66
3
93
2
1
2
691
14
55
3
296
68
499
6
7
227
829
921
327
635
286
89
22
2866
4
834
62
6431
7
5
6
41
753
2
419
422
6
7
64
67
83
69
119
845
14
21
474
96
264
2
91
469
1
6
4297
78
91
4
16
43
73
648
2
8
2588
8
2
9433
4
18
7832
24
747
368
62
699
86
94
265
2
44
984
3
28
24
4
9
96
83
9
1
1
37253
44
999864
19
3
1
992845
5
3
76
59
95
242
99
392
5
397
43
5
75
16
728
86
62
23
293
2
73
7637
389
771
872
98
875
17424
2
933
5
51
393
528
152
3
838
9679
722
851
593
31
5
9952
9
5
7
3
737
327
1
55
6
4
37
7
9253
3
59
3769
7363
8691
8721
3
895
38
236671
184
7
7944
968
54
93
93
5
86
96
7
296
87
84
21
9
822
377
2
83
4
9
7
675
644
6
698
77
4
18
9
7526
82
3414
3
23
2438
22
56
4
763
8385
822
6
487
982
1
9
535
3
4
2281
1
78645
1
19
364996
88
12
1513
62
366
5426
1427
1
9
6
8
98
974
9
2
6
9
581
6
3
324
12
52133
6
144
88
28
5
77
1369
9477
88
633
953
76
74
141
493
7
716
27
366
48841
336
46
9
252
1
282
4
3498
7752
1
9
391
6
922
6
77
46
49647
315
724
3
387
463
957
89
96
82
3
9
3
943
4716
8432
89
117
65
727
413
7563
3
4
3
955
81
7
6
39496
7928
5
76324
96
75524
35539
8
726
861
33
36
6894
7
7
12
225
43
256
2
7
444
9
63
97
9
539
55
24
82
9
41
7
84
888
2
4637
57
4
5
17268
9
496
14
27
58
56
8
67
7275
4
24
874
175
6529
1149
2
8598
74841
2
6115
3
988
26
6737
83
494
7186
9868
2
99
43
123
52
175
52
75
2277
29
459
196
3
73
96
64
967
17
3967
46331
"""
print(get_first_and_last_chars(input_string))
